-0.050199185
0.032635223
-0.06406578
0.039065246
-0.0012545822
0.018532403
0.004185583
-0.06452451
-0.06948464
0.054485198
0.052790385
0.0030609418
-0.057413317
-0.0069246143
-0.0106017515
0.008261486
0.103406295
-0.10366468
0.100088984
-0.08228371
-0.040339947
-0.024666369
0.08915102
-0.030799583
0.029035801
-0.05859699
0.03288003
-0.02997796
0.043169957
0.019723698
-0.013920101
-0.011895876
-0.051035017
-0.039070748
-0.03479966
-0.05234119
0.014073851
-0.05186202
0.0035045184
-0.033711754
-0.013242456
-0.059670832
-0.05880366
0.026482139
0.05478932
-0.06507744
0.0056794225
-0.0048274505
-0.013400633
0.02083883
0.018786242
0.033637512
0.056232926
0.028036451
0.05959489
-0.004959866
-0.05694348
0.022807539
-0.0038410202
0.02360346
-0.0057125227
0.015222928
-0.02846888
0.015045528
0.01207575
0.085776605
-0.065324366
-0.012046286
-0.0489054
-0.019649977
-0.12901591
0.054429717
0.05793078
0.008294538
0.0066550365
0.06351537
0.015568706
-0.03743462
0.044076126
-0.03738866
0.009188603
0.036138825
-0.04593361
0.042771906
0.029060792
-0.122384734
-0.046446227
0.042859014
-0.043773025
-0.07659311
0.02215522
0.0882165
-0.009403138
-0.04910561
0.071541205
-0.02582301
-0.016468097
-0.05192334
-0.081197955
0.028627517
-0.027803143
9.99582E-4
-0.04515413
0.0088434145
-0.04719972
0.052362442
-0.042889636
-0.016609626
0.010515313
0.03991623
-0.035873342
-0.03408636
-0.0014132798
-0.08832259
0.088039175
0.039897878
-0.10208482
0.02810277
0.11704802
-0.04275435
-0.033761572
-0.059931662
0.015557158
0.035178367
0.13885376
-0.002899071
0.08883899
2.4679908E-33
0.09105378
0.027853448
-0.115327135
0.036748882
-0.0084374845
0.02280969
0.032910578
-0.055524692
-0.0099304225
0.06459496
-0.07575067
-0.061003935
-0.0790118
0.0700837
0.06180828
-0.012921461
-0.049589463
0.072205216
0.05755642
0.033063844
0.014015371
-0.06266026
-0.023454
-0.0060559255
0.024546737
0.1094008
0.0026683903
0.05320082
-0.00639123
0.022229671
0.018479226
0.049403433
-0.060678616
0.019351622
0.0061673904
0.0018227057
-0.09045702
0.06271508
-0.00524078
0.047596205
0.0944164
-0.024986444
-0.025370952
-0.030099716
-0.08433068
-0.029414697
0.014097031
-0.011735053
-0.035718534
0.034389675
-0.008989945
0.025394809
-0.010711574
-0.027940929
0.037279867
-0.0052000214
-0.012029481
0.12587386
0.06412733
0.007415983
-0.036074243
-0.07048252
-0.006168361
0.011823482
-0.04104059
0.058666073
2.2932107E-4
0.0051758685
-0.036417328
8.6050044E-4
-0.007450212
0.05565938
0.028441602
0.03559524
-0.0018036637
0.062035307
-0.05185057
0.034907486
-0.044898324
-0.019346073
-0.016576432
-0.042685147
0.13982695
0.017526068
-0.00793339
-0.076906554
-0.04593921
6.492575E-4
0.039780404
-0.10223592
0.0069564446
0.04925324
0.006409688
0.053999856
-0.03185401
-2.9296442E-33
-0.010035145
-0.013038299
-0.04327949
-0.070716925
-0.08756421
-0.081685334
0.04424391
0.017866412
0.0718078
-0.0036827591
0.05737864
-0.057989232
-0.039643064
-0.08805217
0.027530476
-0.105264336
-0.036443193
-0.049128298
0.0087900525
-0.020256292
0.053420637
-0.021644121
0.07335798
-0.049830273
-0.010612947
0.033483677
0.07466532
0.07153828
0.030395929
-0.044848043
0.03774478
-0.009290382
0.10024283
0.11776039
0.024920244
0.0041731377
0.10154222
0.0056512337
-0.049578406
0.07380689
0.14665233
0.06668904
-0.035337057
0.09727446
0.056310833
0.016554128
0.024324656
-0.03053296
-0.069366135
-0.047889955
0.050628953
0.023745412
0.07600369
-0.004538269
0.07122289
0.03202858
0.037300047
-0.053090606
-0.050975274
0.065559395
0.07386861
-0.08222356
0.037124198
7.9727656E-4
0.018303536
0.016504508
0.00403499
-0.01649536
0.03756794
0.07168432
0.056794412
-0.0904437
0.035934262
-0.025601188
0.10717566
0.022457685
-0.0055315993
0.034070157
-0.03217134
-0.037861988
-0.12540132
-0.046833172
0.019314533
0.012038252
0.02640023
0.035577852
-0.010634022
-0.04547115
0.07332061
-0.022354992
-0.06552478
0.019707365
-0.049699944
0.0071193925
0.062360708
-2.8514766E-8
-0.026993837
0.029779581
-0.029476715
0.06093342
-0.025375202
-0.011953889
0.046702504
-0.11175657
0.005165593
-0.066358306
-0.06264875
-0.019022748
-0.10797678
-0.014071926
0.06114148
-0.09276289
7.398032E-4
-0.04646187
-0.026692932
-0.01867515
0.024492227
-0.009684181
0.019494696
-0.037306327
0.03411294
0.0119522875
-0.07234747
0.0044935127
-0.025947642
0.012981971
-0.05629359
0.04331643
-0.0375378
-0.04526823
0.055476658
0.078913756
0.036735367
0.04701271
0.027052738
-0.0082260845
-0.10358715
-0.030710077
-0.06986882
-0.066539675
-0.008232167
0.0027390213
-0.07227397
-0.003534949
0.03455127
-0.03558587
0.04129472
0.0422793
-0.029927518
-0.092593126
-0.035212282
0.012152977
0.04416164
-0.023587462
0.029722357
0.012046274
0.026244272
-0.051169995
0.011575915
-0.06594095
