-0.05745178
0.008286093
-0.0071701794
-0.07064343
0.056814685
-0.036992397
0.003651008
0.054235842
-0.09291584
0.045280103
0.042825755
-0.05478887
0.13026388
-0.053887527
0.024091983
-0.02308912
-0.016454367
0.004092857
-0.0145269595
0.02685943
-0.02225207
0.003278572
0.039762843
-0.043188807
-0.036877956
0.07850698
0.01809406
-0.058221035
-0.015456644
-0.0842108
0.06691311
-0.06404412
0.026362836
-6.556971E-4
-0.049711872
-0.0500434
-0.019531038
-0.040607575
0.06380353
0.05765809
-0.016658705
0.018970562
0.047175344
-0.064752914
-0.10684202
-0.091969036
-0.016212935
-0.01208085
-0.008052884
-0.001742739
-0.102302
0.018471377
0.015049838
0.02573863
-0.0076493993
-0.01786899
0.039954167
-0.03178382
-0.013729576
-0.095249854
0.06676
-0.012226522
-7.944234E-4
-0.06593825
-0.017332936
-0.010454353
0.013650743
-0.07620002
0.11011242
0.06097432
0.011352117
-0.019520529
-0.052181207
0.05376516
0.013278762
0.036402103
0.0362129
0.048419524
0.0046698237
-0.023599125
-0.018408235
-0.1079332
-0.060668528
-0.043581884
0.026589856
-0.015506818
-0.0110784555
0.016941722
0.0014261155
-0.0054898807
0.023306089
-0.052325346
0.03064034
-0.012319608
0.059972193
0.0017060584
-0.049896967
0.06604615
-0.028140413
-0.003811885
0.050766733
-2.1139256E-4
-0.08833742
-0.053155188
0.008356555
0.020473361
-0.031711128
0.0606525
0.051461022
-0.03681801
-0.0036554548
0.005057008
0.080772966
0.024996558
-0.022606825
0.1014783
-0.019876864
0.025688527
0.05182769
0.1066295
0.061185513
-0.039445654
0.008266448
0.056192193
0.10638239
0.041924566
-0.020475907
5.368666E-33
0.056950852
-0.038931586
-0.06447809
-0.040647954
0.06352388
0.06634817
-0.08487465
-0.017414197
0.045643955
0.07250325
-0.011308566
-0.002839164
0.029147465
-0.043597348
-0.09552201
-0.029333597
-0.014053217
-0.06341362
-0.052225117
-0.07157383
0.041184295
0.031101352
-0.010928086
0.019723378
0.088318035
0.119159095
-0.02484466
0.040540874
0.008775586
0.061066825
-0.058396447
-0.014796298
-0.07233656
0.06626843
-0.0059747654
0.016673747
-0.016704613
-0.03509607
0.014158182
-0.01745692
0.016060535
0.0121438
-0.014515958
0.0019883802
-0.05187269
-0.052655514
-0.008544391
0.07898132
-0.008886456
0.024713853
0.068559796
-0.038672235
0.016545111
-0.04520425
0.036584698
-0.00970615
0.0120300455
0.011393005
-0.00945211
0.15391529
0.09727981
0.03272026
0.044172812
0.0851711
-0.031361505
-0.063635945
0.04684556
-0.008811709
0.011689244
0.028662799
-0.027847147
-0.064132236
0.10459804
-0.103981964
-0.050622113
-0.11564044
-0.0029447796
-0.023478638
0.009675426
-0.05504609
0.0017001168
-0.03798064
0.024304908
-0.0069758045
-0.072814286
-0.031793255
-0.049607538
-0.041620333
-0.056655366
-0.014193613
-0.01993776
0.012093512
-0.024497503
0.008822014
-0.07614566
-6.238169E-33
-0.07614618
0.041547485
0.049887013
0.026620187
-0.009831874
0.020527294
0.06264363
-0.03037643
-0.046791922
0.01871937
-0.006825007
-0.021450324
0.019982679
-0.008051239
0.12444148
-0.03619215
0.10233524
-0.014739765
-0.06573704
0.014733546
-0.018942345
-0.02494584
-0.026074678
0.06927182
0.09210195
0.06665367
0.0049064527
-0.0022915215
-0.006430168
-0.004804885
0.0066341725
0.030770877
5.85717E-4
-0.047216784
-0.0028420454
0.04447523
0.016403774
0.011024313
-0.06031515
-0.09830418
0.03253206
0.04612752
0.009080482
0.102546334
-0.08763301
0.004096111
0.005822148
0.029854579
-0.06485739
0.04604251
-0.06878956
-0.045775145
0.062365994
0.044583928
-0.078176685
0.01748233
-0.020113086
0.019237978
-0.009107576
-0.03081878
-0.02418225
-6.8093545E-4
-0.003522206
0.07307931
0.0070376284
0.026988365
-0.066405684
-0.009612105
-0.04792956
0.059558522
0.04308452
0.032547127
-0.029142963
-0.0045212274
0.0432179
0.11701365
-0.101711795
-0.052918088
-0.12596847
-0.07345558
-0.034397796
-0.08549284
-0.045324694
-0.024625028
0.022210373
0.038464207
-0.029456299
0.038348004
0.035216976
0.0062743854
-0.038536314
-0.11733833
-0.019205337
0.061762296
0.0029652978
-5.708989E-8
-0.046536222
0.018470705
-0.0512704
0.092780404
0.08136725
0.067833506
-0.036130544
0.05372495
-0.04649086
0.06538903
0.042634044
0.04586387
0.05937931
0.08634762
0.07046253
-0.0044105877
-0.024579022
-0.060869325
-0.018989012
0.03251987
-0.06274725
-0.009683071
-0.0025695632
0.001843418
0.076017566
0.07226451
-0.024004528
0.08344608
-0.0018688
0.029627128
-0.023485813
-0.09130847
-0.054598786
0.018059088
-0.122735724
0.041114565
0.07610757
0.03854929
0.019157574
0.005657574
-0.0392963
0.08225087
-0.07428379
0.03154754
-0.053200796
-0.03288079
-0.08362971
-0.044299833
0.036046796
-0.05024936
-0.052409865
-0.060304657
-0.033986285
-0.010854763
0.090266585
-0.012895862
-0.05637594
-0.065856226
0.012440069
0.09292616
-0.018452343
0.04472929
-0.039045867
-0.08945105
